69,1
69,3
59,4
0,273
0,270
70,35
3,2
10,133
10,115
10,271
10,139
10,187
10,223
10,253
10,91
11,17
8,4
8,13
8,16
8,2
8,3
59,3
59,1
54,3
54,1
12,3
12,2
12,1
11,30
11,29
11,28
11,27
11,26
11,25
11,24
11,23
11,22
11,21
11,20
11,19
11,18
11,16
11,15
11,14
11,13
11,12
11,9
11,8
11,6
11,5
11,3
11,2
11,1
20,2
10,308
20,1
20,3
10,282
10,276
10,270
10,268
19,2
19,1
19,3
10,258
10,256
10,252
10,243
10,232
10,224
10,209
10,207
10,203
10,150
10,148
10,145
10,136
10,130
10,90
10,85
18,1
18,3
10,66
10,21
14,1
14,3
13,1
13,3
